indexing_1034.txt=0.08683408899599383
indexing_104.txt=0.08788753310113652
indexing_1045.txt=0.08117641141158641
indexing_1062.txt=0.09092196884878967
indexing_1063.txt=0.09084973761923487
indexing_1064.txt=0.09009544606144078
indexing_1065.txt=0.08641427621360392
indexing_109.txt=0.08759601515285625
indexing_1090.txt=0.07936853366003876
indexing_1137.txt=0.0683807414574945
indexing_114.txt=0.08253750029009868
indexing_117.txt=0.08334936092923541
indexing_1171.txt=0.08898465821202782
indexing_1172.txt=0.07866122100697244
indexing_1176.txt=0.07770484897101004
indexing_1179.txt=0.08330340304539466
indexing_1186.txt=0.08484394959486113
indexing_1189.txt=0.0903937747354881
indexing_1196.txt=0.08069791188834995
indexing_1203.txt=0.06649014610017437
